0.0164385
-0.799111
-1.18497
1.5708
-0.0847887
-0.57999
-0.026298
-0.0736107
0.0983597
0.00215308
0.00197464
0.000872873
0.348106
0.0231019
0.11159
0.0159295
-0.00156843
-0.198885
-0.0265446
0.0432838
-0.118507
0.594502
0.235512
0.0868932
-0.000620549
-0.000606174
0.000305833
0.228883
0.00462653
-0.0216135
-0.00852323
-0.0174111
0.0250378
-0.0137153
0.0513387
0.00740137
-0.298871
-0.00635735
0.2
0.268597
0.2
0.2
-0.0136319
0.180189
0.163887
-0.0687172
0.0290925
-0.0291123
0.0686815
-0.0140828
0.112437
0.050681
-0.0505592
-0.11245
0.013911
0.0909532
0.383398
1.34057
-0.218644
0
-0.549899
-0.0775904
0.0311225
-0.291547
0.134913
-0.0569564
0.0241135
-0.0241145
0.0569557
-0.011514
0.0931356
0.0418302
-0.0418275
-0.0931818
0.0115449
-0.108676
0.0247787
1.65809
-0.171405
0.0314264
0.3505
0.0035976
0.136582
0.0971718
0.288388
1757
